0 0.5109375 0.6109375 0.43203125 0.19140625
0 0.72734375 0.40859375 0.33046875 0.1546875
0 0.42734375 0.8453125 0.29765625 0.215625
0 0.25703125 0.18359375 0.4953125 0.3515625
0 0.78671875 0.77578125 0.42578125 0.39296875
0 0.7421875 0.096875 0.19296875 0.19296875
0 0.20859375 0.578125 0.16328125 0.13125
0 0.16875 0.90859375 0.2015625 0.16640625
0 0.9265625 0.8671875 0.14609375 0.1515625
0 0.39453125 0.246875 0.1546875 0.10625
0 0.2125 0.42734375 0.1 0.11328125
0 0.78828125 0.19296875 0.228125 0.26640625
0 0.36796875 0.83125 0.21171875 0.1421875