100 0.63828125 0.5453125 0.2296875 0.2484375
100 0.3796875 0.1765625 0.3390625 0.3234375
100 0.3859375 0.5140625 0.184375 0.1546875
100 0.365625 0.80859375 0.16875 0.13125
100 0.81171875 0.54453125 0.1515625 0.1984375
100 0.88203125 0.3125 0.171875 0.2640625
100 0.69765625 0.1984375 0.184375 0.2625
100 0.090625 0.61484375 0.1484375 0.1828125
100 0.23828125 0.334375 0.203125 0.2625
100 0.2625 0.59765625 0.203125 0.1453125
100 0.4515625 0.68046875 0.159375 0.178125
100 0.79296875 0.73671875 0.2078125 0.1578125