20 0.4625 0.4953125 0.9015625 0.903125
20 0.615625 0.5796875 0.6625 0.5515625 0.678125 0.5296875 0.68125 0.4796875 0.675 0.4578125 0.6640625 0.4328125 0.634375 0.4078125 0.5921875 0.409375 0.5453125 0.428125 0.5171875 0.4515625 0.5015625 0.4796875 0.4890625 0.51875 0.4984375 0.559375 0.525 0.5875 0.55 0.5953125 0.5828125 0.5921875 0.615625 0.5796875
20 0.178125 0.7625 0.221875 0.7109375 0.2515625 0.6625 0.2609375 0.6296875 0.2640625 0.578125 0.2546875 0.5578125 0.23125 0.5390625 0.209375 0.5359375 0.1734375 0.553125 0.1265625 0.60625 0.0953125 0.65625 0.0828125 0.703125 0.0859375 0.746875 0.109375 0.771875 0.1390625 0.784375 0.1609375 0.778125 0.178125 0.7625
20 0.415625 0.45625 0.428125 0.41875 0.440625 0.3296875 0.4375 0.29375 0.4234375 0.2453125 0.409375 0.2265625 0.39375 0.21875 0.375 0.2234375 0.3453125 0.25625 0.33125 0.3375 0.328125 0.446875 0.3390625 0.4640625 0.3734375 0.4796875 0.4015625 0.4765625 0.415625 0.45625
20 0.546875 0.834375 0.5734375 0.8609375 0.59375 0.89375 0.6109375 0.9078125 0.6375 0.903125 0.671875 0.8546875 0.675 0.8125 0.665625 0.753125 0.63125 0.696875 0.59375 0.675 0.5671875 0.6765625 0.5359375 0.6921875 0.525 0.728125 0.5265625 0.7734375 0.546875 0.834375
20 0.5859375 0.3609375 0.6421875 0.3953125 0.715625 0.403125 0.7375 0.3921875 0.753125 0.371875 0.7578125 0.2921875 0.740625 0.253125 0.7078125 0.221875 0.6859375 0.2140625 0.6234375 0.2171875 0.5984375 0.2328125 0.575 0.2671875 0.565625 0.3 0.5671875 0.3296875 0.5859375 0.3609375
20 0.121875 0.434375 0.1875 0.4484375 0.234375 0.45 0.2984375 0.428125 0.2921875 0.3921875 0.278125 0.38125 0.2640625 0.35625 0.15 0.309375 0.1140625 0.309375 0.1 0.3234375 0.090625 0.396875 0.121875 0.434375
20 0.4046875 0.89375 0.459375 0.8625 0.484375 0.8125 0.4828125 0.771875 0.465625 0.740625 0.43125 0.7265625 0.3875 0.721875 0.365625 0.728125 0.3453125 0.7453125 0.3328125 0.7734375 0.35625 0.821875 0.3546875 0.859375 0.3453125 0.8875 0.4046875 0.89375
20 0.396875 0.2109375 0.415625 0.2203125 0.43125 0.2203125 0.4640625 0.2 0.4953125 0.1953125 0.5265625 0.159375 0.540625 0.128125 0.540625 0.0875 0.528125 0.05625 0.5109375 0.040625 0.4953125 0.0375 0.446875 0.059375 0.396875 0.1109375 0.371875 0.125 0.36875 0.1640625 0.375 0.1828125 0.396875 0.2109375
20 0.690625 0.9140625 0.715625 0.928125 0.7453125 0.925 0.7609375 0.915625 0.7890625 0.86875 0.796875 0.8015625 0.78125 0.7484375 0.7578125 0.7140625 0.734375 0.703125 0.70625 0.703125 0.68125 0.71875 0.6671875 0.7546875 0.6703125 0.8109375 0.690625 0.9140625
20 0.1671875 0.8671875 0.1828125 0.88125 0.2484375 0.91875 0.2875 0.921875 0.3140625 0.9171875 0.346875 0.8859375 0.3578125 0.85625 0.3578125 0.81875 0.34375 0.7875 0.3171875 0.76875 0.25625 0.7484375 0.2109375 0.7484375 0.1765625 0.759375 0.1546875 0.7828125 0.1546875 0.8390625 0.1671875 0.8671875
20 0.378125 0.6765625 0.4359375 0.6984375 0.4625 0.6984375 0.4921875 0.684375 0.5125 0.6625 0.5171875 0.640625 0.515625 0.6046875 0.5015625 0.56875 0.4640625 0.5375 0.4015625 0.5234375 0.365625 0.528125 0.3484375 0.553125 0.3390625 0.58125 0.3421875 0.6234375 0.378125 0.6765625