100 0.63828125 0.4546875 0.2296875 0.2484375
100 0.3796875 0.8234375 0.3390625 0.321875
100 0.3859375 0.4859375 0.184375 0.1546875
100 0.365625 0.19140625 0.16875 0.13125
100 0.81171875 0.45546875 0.15 0.1984375
100 0.88203125 0.6875 0.171875 0.2640625
100 0.69765625 0.8015625 0.184375 0.2625
100 0.090625 0.38515625 0.1484375 0.1828125
100 0.23828125 0.665625 0.203125 0.2625
100 0.2625 0.40234375 0.203125 0.14375
100 0.4515625 0.31953125 0.159375 0.178125
100 0.79296875 0.26328125 0.2078125 0.159375