20 0.5375 0.4953125 0.9015625 0.903125
20 0.3359375 0.4328125 0.325 0.4578125 0.31875 0.4796875 0.321875 0.5296875 0.3375 0.5515625 0.384375 0.5796875 0.4171875 0.5921875 0.45 0.5953125 0.475 0.5875 0.5015625 0.559375 0.5109375 0.51875 0.4984375 0.4796875 0.4828125 0.4515625 0.4546875 0.428125 0.4078125 0.409375 0.365625 0.4078125 0.3359375 0.4328125
20 0.7453125 0.5578125 0.7359375 0.578125 0.7390625 0.6296875 0.7484375 0.6625 0.778125 0.7109375 0.821875 0.7625 0.8390625 0.778125 0.8609375 0.784375 0.890625 0.771875 0.9140625 0.746875 0.9171875 0.703125 0.9046875 0.65625 0.8734375 0.60625 0.8265625 0.553125 0.790625 0.5359375 0.76875 0.5390625 0.7453125 0.5578125
20 0.5625 0.29375 0.559375 0.3296875 0.571875 0.41875 0.584375 0.45625 0.5984375 0.4765625 0.6265625 0.4796875 0.6609375 0.4640625 0.671875 0.446875 0.66875 0.3375 0.6546875 0.25625 0.625 0.2234375 0.60625 0.21875 0.590625 0.2265625 0.5765625 0.2453125 0.5625 0.29375
20 0.3890625 0.9078125 0.40625 0.89375 0.4265625 0.8609375 0.453125 0.834375 0.4734375 0.7734375 0.475 0.728125 0.4640625 0.6921875 0.4328125 0.6765625 0.40625 0.675 0.36875 0.696875 0.334375 0.753125 0.325 0.8125 0.328125 0.8546875 0.3625 0.903125 0.3890625 0.9078125
20 0.2625 0.3921875 0.284375 0.403125 0.3578125 0.3953125 0.4140625 0.3609375 0.4328125 0.3296875 0.434375 0.3 0.425 0.2671875 0.4015625 0.2328125 0.3765625 0.2171875 0.3140625 0.2140625 0.2921875 0.221875 0.259375 0.253125 0.2421875 0.2921875 0.246875 0.371875 0.2625 0.3921875
20 0.878125 0.434375 0.909375 0.396875 0.9 0.3234375 0.8859375 0.309375 0.85 0.309375 0.7359375 0.35625 0.721875 0.38125 0.7078125 0.3921875 0.7015625 0.428125 0.765625 0.45 0.8125 0.4484375 0.878125 0.434375
20 0.515625 0.8125 0.540625 0.8625 0.5953125 0.89375 0.6546875 0.8875 0.6453125 0.859375 0.64375 0.821875 0.6671875 0.7734375 0.6546875 0.7453125 0.634375 0.728125 0.6125 0.721875 0.56875 0.7265625 0.534375 0.740625 0.5171875 0.771875 0.515625 0.8125
20 0.4734375 0.159375 0.5046875 0.1953125 0.5359375 0.2 0.56875 0.2203125 0.584375 0.2203125 0.603125 0.2109375 0.625 0.1828125 0.63125 0.1640625 0.628125 0.125 0.603125 0.1109375 0.553125 0.059375 0.5046875 0.0375 0.4890625 0.040625 0.471875 0.05625 0.459375 0.0875 0.459375 0.128125 0.4734375 0.159375
20 0.2546875 0.925 0.284375 0.928125 0.309375 0.9140625 0.3296875 0.8109375 0.3328125 0.7546875 0.31875 0.71875 0.29375 0.703125 0.265625 0.703125 0.2421875 0.7140625 0.21875 0.7484375 0.203125 0.8015625 0.2109375 0.86875 0.2390625 0.915625 0.2546875 0.925
20 0.6859375 0.9171875 0.7125 0.921875 0.7515625 0.91875 0.8171875 0.88125 0.8328125 0.8671875 0.8453125 0.8390625 0.8453125 0.7828125 0.8234375 0.759375 0.7890625 0.7484375 0.74375 0.7484375 0.6828125 0.76875 0.65625 0.7875 0.6421875 0.81875 0.6421875 0.85625 0.653125 0.8859375 0.6859375 0.9171875
20 0.5078125 0.684375 0.5375 0.6984375 0.5640625 0.6984375 0.621875 0.6765625 0.6578125 0.6234375 0.6609375 0.58125 0.6515625 0.553125 0.634375 0.528125 0.5984375 0.5234375 0.5359375 0.5375 0.4984375 0.56875 0.484375 0.6046875 0.4828125 0.640625 0.4875 0.6625 0.5078125 0.684375