5 0.8671875 0.49296875 0.171875 0.16171875
5 0.79765625 0.40234375 0.13828125 0.1140625
112 0.775 0.2859375 0.0625 0.12421875
112 0.721875 0.31875 0.08359375 0.06640625
21 0.478125 0.58046875 0.15078125 0.2515625
21 0.47421875 0.35 0.1484375 0.184375
8 0.86328125 0.3515625 0.22109375 0.41328125
8 0.959375 0.3375 0.0671875 0.45234375
76 0.5515625 0.73984375 0.1 0.16171875
18 0.35546875 0.4015625 0.140625 0.31953125
18 0.27265625 0.42890625 0.14140625 0.3890625
108 0.04921875 0.21171875 0.07734375 0.11796875
108 0.04375 0.31484375 0.0875 0.18203125